Generation	Ne_diploids
1	1.15482
2	1.15482
3	1.15482
4	1.15482
5	29488.7
6	29488.7
7	29488.7
8	29488.7
9	28609.5
10	28559.2
11	28635.5
12	28697
13	28446.7
14	28375.7
15	28101.1
16	28093.6
17	28055.4
18	28142.7
19	27870.5
20	27840.8
21	27962.9
22	27941.8
23	28025
24	28038.3
25	27926.9
26	27666.6
27	27776.8
28	27648.6
29	27391.8
30	27340.8
31	27013.4
32	26914.4
33	26738.5
34	26715.2
35	26780.2
36	26776.7
37	26790.3
38	26972.8
39	27060.3
40	27237
41	27173.5
42	27183.4
43	27430.6
44	27462.1
45	27688.6
46	27700
47	28025.6
48	28237.9
49	28168.5
50	28318.5
51	28749.7
52	28767.1
53	28877.2
54	28999
55	29152.1
56	29129.3
57	29229.4
58	29331.2
59	29238.8
60	29356.2
61	29153
62	29052.5
63	29094.9
64	29067.4
65	29086.4
66	29024.5
67	29055.3
68	28984
69	29001.6
70	29140.5
71	29429.4
72	29495.7
73	29994.3
74	30192.9
75	30263.4
76	30104.4
77	30101.7
78	29542.6
79	29143.5
80	28765.8
81	28641.2
82	28814.9
83	28864.6
84	29076.2
85	29015.9
86	28967.8
87	29146.8
88	29280.1
89	29150.3
90	28994.7
91	28760.3
92	28837.4
93	29020.5
94	29174.7
95	29301.3
96	29384.4
97	29273.8
98	29239.9
99	29185.8
100	29017.5
101	28899.1
102	28908.1
103	29045.8
104	29144.6
105	29149.8
106	29166.1
107	29023.4
108	29156.6
109	29316.1
110	29187.9
111	29035.4
112	28775.1
113	28712.1
114	28726.6
115	28610.3
116	28737.8
117	29043.5
118	29252.2
119	29561.2
120	29868.9
121	29849.3
122	29854.2
123	29717.1
124	29966.9
125	29789.3
126	29710.6
127	29507.6
128	29625.6
129	29843.7
130	29913.8
131	29889.2
132	29892.2
133	29891.7
134	29642.7
135	29452.2
136	29247.4
137	28861.4
138	28768
139	28709
140	28623.1
141	28630.7
142	28575.6
143	28419
144	28443.6
145	28261.7
146	28116.5
147	28348
148	28521.7
149	28621.6
150	28622.6
