c_bin	number_of_SNP_pairs	Observed_d2	Predicted_d2
0.04107460	14206655	0.42505100	0.42581547
0.02896600	7219039	0.43514100	0.43386464
0.02240010	4380006	0.43912500	0.43842136
0.01828350	2930152	0.44159400	0.44135135
0.01544010	2102514	0.44273300	0.44340981
0.01337480	1579034	0.44558500	0.44492378
0.01179240	1229989	0.44518100	0.44609518
0.01054500	988233	0.44506900	0.44702613
0.00953881	809617	0.44813900	0.44778234
0.00870712	678338	0.45186000	0.44841133
0.00800831	573992	0.45035600	0.44894289
0.00741394	490072	0.45004000	0.44939746
0.00690116	427096	0.44913600	0.44979169
0.00645584	372859	0.44941600	0.45013580
0.00606476	330258	0.45283900	0.45043952
0.00571822	295829	0.45119300	0.45070999
0.00540828	262747	0.45156900	0.45095311
0.00513034	237386	0.44963100	0.45117224
0.00487972	215441	0.45013200	0.45137083
0.00465219	194163	0.45005900	0.45155205
0.00435288	339439	0.45257083	0.45179199
0.00400395	285516	0.45076565	0.45207427
0.00370667	244618	0.45171928	0.45231738
0.00345139	212509	0.45150793	0.45252844
0.00322778	189335	0.45446608	0.45271539
0.00294837	317876	0.45493192	0.45295222
0.00263660	252811	0.45310280	0.45322160
0.00238408	204414	0.45256933	0.45344471
0.00209312	316234	0.45325238	0.45370859
0.00179107	234801	0.45037655	0.45399225
0.00156681	180091	0.45469970	0.45421094
0.00121962	436217	0.45571762	0.45456705
