c_bin	number_of_SNP_pairs	Observed_d2	Predicted_d2
0.04109730	12183336	0.16731000	0.16706981
0.02897570	6059867	0.16698500	0.16726973
0.02240620	3628719	0.16737800	0.16745572
0.01828670	2416523	0.16749300	0.16761970
0.01544550	1719538	0.16761700	0.16776358
0.01337620	1287945	0.16825800	0.16789032
0.01179150	1010563	0.16814700	0.16800530
0.01054500	808191	0.16755800	0.16811224
0.00953760	662004	0.16831900	0.16821527
0.00870630	547658	0.16919000	0.16831775
0.00800753	466342	0.16864500	0.16842251
0.00741307	403262	0.16838300	0.16853133
0.00690154	348694	0.16977700	0.16864550
0.00645681	303142	0.16832800	0.16876586
0.00606363	264385	0.16793300	0.16889391
0.00571728	237671	0.16839200	0.16902833
0.00540784	214890	0.16799800	0.16916994
0.00513042	192539	0.16886600	0.16931810
0.00487983	172214	0.17025100	0.16947268
0.00465209	160532	0.17030800	0.16963344
0.00435390	278375	0.17047177	0.16987879
0.00400411	233091	0.16984613	0.17022836
0.00370656	200396	0.17160293	0.17059123
0.00345114	178018	0.17041268	0.17096218
0.00322798	155572	0.17124670	0.17134041
0.00294784	258165	0.17243749	0.17190136
0.00263549	209341	0.17141106	0.17266554
0.00238487	172443	0.17369422	0.17340999
0.00209263	265072	0.17501557	0.17446336
0.00168527	349388	0.17611288	0.17636848
0.00121890	368805	0.17948835	0.17946058
