Generation	Ne_diploids
1	4345.63
2	4345.63
3	4345.63
4	4345.63
5	4814.49
6	4921.17
7	5015.93
8	5034.58
9	5097.45
10	5191.94
11	5253.15
12	5289.58
13	5197.16
14	5105.74
15	5080.11
16	5025.8
17	4787.7
18	4740.49
19	4643.56
20	4524.54
21	4384.97
22	3992.34
23	3654.34
24	3316.86
25	2799.17
26	2453.97
27	2103.56
28	1906.32
29	1826.22
30	1867.6
31	1812.88
32	1754.66
33	1976.39
34	2032.05
35	2011.44
36	2060.47
37	2187.94
38	2297
39	2304.91
40	2402.81
41	2534.34
42	2673.65
43	2789.27
44	2945.06
45	3055.5
46	3603.04
47	3890.91
48	5159.18
49	6903.65
50	12382.9
51	17200.8
52	22878.1
53	26051.3
54	28904.6
55	34792.1
56	50809.3
57	57069.6
58	61828.7
59	72313.5
60	80962.9
61	92588.3
62	96686.9
63	96130.8
64	95197.4
65	94817.7
66	95941.5
67	96581.6
68	97031.3
69	97703.3
70	97412.2
71	97754.4
72	98649.8
73	99079.9
74	100077
75	100557
76	101140
77	101511
78	103160
79	104980
80	106082
81	106512
82	105157
83	105673
84	105837
85	106939
86	107828
87	108762
88	109810
89	112238
90	112913
91	112729
92	113174
93	114059
94	114298
95	114805
96	114362
97	113893
98	115540
99	116907
100	115929
101	115947
102	115503
103	115208
104	114244
105	114154
106	114016
107	115369
108	116104
109	115436
110	111388
111	111354
112	110302
113	107227
114	101753
115	92589.6
116	92155.7
117	92272.8
118	92508.4
119	92292.1
120	92247.8
121	89662.1
122	88468.9
123	85467.8
124	84324.4
125	85104.4
126	85104.4
127	85428.6
128	85338.3
129	85245.3
130	84934.1
131	83663.1
132	82640.7
133	81941.5
134	81539.7
135	80969.6
136	80959.3
137	81231.6
138	81707.5
139	82122.1
140	82230.9
141	82819.7
142	83567.5
143	84266.9
144	84881.4
145	85010.6
146	84037.6
147	83257.1
148	83377.7
149	82406.4
150	80888.1
