c_bin	number_of_SNP_pairs	Observed_d2	Predicted_d2
0.04110500	35368167	0.28210200	0.28310040
0.02896520	17602783	0.28558600	0.28530214
0.02240830	10568482	0.28674700	0.28657339
0.01828040	7067203	0.28829200	0.28740681
0.01544510	5074392	0.28921100	0.28799557
0.01337230	3817661	0.28859900	0.28843524
0.01179320	2947529	0.28831200	0.28877605
0.01054370	2371401	0.28904400	0.28904985
0.00953895	1945326	0.28970200	0.28927322
0.00870580	1623324	0.28855700	0.28946120
0.00800855	1369708	0.28949900	0.28962111
0.00741486	1178370	0.28774700	0.28975985
0.00690222	1013828	0.28874100	0.28988234
0.00645679	886356	0.28883500	0.28999161
0.00606406	784991	0.29081500	0.29009102
0.00571765	699903	0.29150900	0.29018195
0.00540791	629853	0.29192700	0.29026673
0.00513071	567173	0.29196300	0.29034627
0.00487985	510155	0.29107800	0.29042212
0.00465262	466772	0.29009900	0.29049486
0.00435343	816058	0.29118422	0.29059824
0.00400432	687131	0.28972037	0.29073371
0.00370656	587152	0.28979705	0.29086702
0.00345106	509943	0.28935338	0.29099969
0.00322805	447009	0.29031792	0.29113415
0.00294767	752582	0.29182420	0.29133697
0.00263582	601966	0.29178105	0.29162557
0.00238489	495110	0.29408424	0.29192848
0.00209263	770100	0.29339525	0.29240170
0.00179163	560394	0.29168765	0.29310103
0.00156679	431746	0.29283871	0.29384671
0.00132586	622978	0.29523073	0.29498863
0.00109254	424803	0.29702239	0.29664984
