Generation	Ne_diploids
1	12.5412
2	12.5412
3	12.5412
4	12.5412
5	684.893
6	684.893
7	684.893
8	684.893
9	860.104
10	908.421
11	926.966
12	931.476
13	2306.41
14	4137.42
15	5965.52
16	8374.25
17	16008
18	23230.6
19	32004.4
20	40615.3
21	48246.5
22	57752.1
23	66238.3
24	74269.7
25	85605.7
26	94284.1
27	98077.3
28	103712
29	110482
30	116676
31	124145
32	126387
33	127381
34	126608
35	125639
36	125166
37	125832
38	126146
39	127696
40	128605
41	131159
42	133672
43	136594
44	137750
45	138398
46	139004
47	139711
48	137357
49	136819
50	139288
51	141344
52	140063
53	140031
54	140446
55	142036
56	142825
57	142426
58	142974
59	142264
60	142891
61	143117
62	143187
63	143571
64	144508
65	145417
66	146396
67	146626
68	146093
69	145916
70	146124
71	146157
72	146180
73	147839
74	148151
75	148062
76	147032
77	147108
78	146419
79	145323
80	145463
81	144957
82	144717
83	143364
84	141772
85	140443
86	139964
87	140511
88	138677
89	137684
90	137236
91	136203
92	136186
93	138355
94	138910
95	139087
96	138396
97	137916
98	137707
99	138268
100	138554
101	139645
102	138888
103	138470
104	139196
105	140571
106	141055
107	141085
108	141582
109	143384
110	143737
111	145241
112	145307
113	145257
114	145063
115	145482
116	145033
117	144237
118	144331
119	143868
120	143391
121	143018
122	142250
123	142487
124	142172
125	143392
126	143704
127	144067
128	143837
129	143724
130	143065
131	141382
132	141484
133	141323
134	140424
135	140716
136	141063
137	141149
138	140851
139	142198
140	142955
141	144206
142	146887
143	148200
144	148705
145	149546
146	149898
147	149641
148	149961
149	149488
150	149711
