c_bin	number_of_SNP_pairs	Observed_d2	Predicted_d2
0.04109780	2424099	0.16730000	0.16751180
0.02898420	1215791	0.16755200	0.16786714
0.02240940	720308	0.16768300	0.16812815
0.01827910	479920	0.16831900	0.16832442
0.01543990	343620	0.16720200	0.16847714
0.01337480	260275	0.16800200	0.16860013
0.01179170	198892	0.16961000	0.16870486
0.01054510	159131	0.17029100	0.16879878
0.00953978	130674	0.17164800	0.16888840
0.00870841	106758	0.17011300	0.16897971
0.00800982	94195	0.16763100	0.16907730
0.00741358	79777	0.16793800	0.16918517
0.00690281	68221	0.17040400	0.16930528
0.00645475	59799	0.16941200	0.16944147
0.00606395	53019	0.16960600	0.16959325
0.00571661	47657	0.16964100	0.16976308
0.00540816	42568	0.17033900	0.16995001
0.00513168	37912	0.17000300	0.17015442
0.00476825	66550	0.16972730	0.17049141
0.00435362	56282	0.17117944	0.17100204
0.00400384	46427	0.17038088	0.17157502
0.00370549	40456	0.17009940	0.17220146
0.00334295	66675	0.17328331	0.17318949
0.00294721	52048	0.17443193	0.17465318
0.00263484	41733	0.17731935	0.17619634
0.00238443	35023	0.17807978	0.17776163
0.00209259	55023	0.18000097	0.18006506
0.00168642	71762	0.18591581	0.18443789
0.00133235	43030	0.18859160	0.18983238
0.00109887	34375	0.19475376	0.19453856
