Generation	Ne_diploids
1	9252.18
2	9252.18
3	9252.18
4	9252.18
5	8849.92
6	8315.55
7	7652.78
8	7483.04
9	5133.65
10	3423.4
11	1323.01
12	1078.68
13	754.74
14	702.73
15	2347.6
16	4058.33
17	8968.79
18	12365.9
19	16532.6
20	22936.4
21	27723.9
22	32222.5
23	44902.8
24	45875
25	46583.5
26	54203.7
27	62096.2
28	89997.7
29	110165
30	216513
31	316880
32	368108
33	485270
34	484776
35	491643
36	494994
37	493543
38	493210
39	491750
40	486561
41	477079
42	474986
43	474538
44	484805
45	494441
46	499951
47	506800
48	511002
49	509101
50	509010
51	510147
52	518564
53	523344
54	519326
55	517882
56	511814
57	510161
58	510606
59	509765
60	503545
61	497091
62	498082
63	501996
64	503615
65	508031
66	516925
67	520915
68	515603
69	515274
70	515812
71	515839
72	521862
73	526716
74	532704
75	538460
76	537886
77	533523
78	531629
79	528688
80	524731
81	521755
82	519010
83	517381
84	521728
85	526975
86	529292
87	530024
88	528999
89	531610
90	532758
91	545807
92	552323
93	553915
94	566425
95	566130
96	565384
97	558728
98	553987
99	540671
100	531909
101	526134
102	534695
103	534849
104	534249
105	532688
106	529457
107	529556
108	536416
109	539891
110	536380
111	532715
112	529856
113	517334
114	512336
115	515322
116	516491
117	519109
118	520911
119	522741
120	522645
121	524386
122	519651
123	520245
124	520216
125	518135
126	516971
127	519295
128	519129
129	521075
130	525129
131	534101
132	539290
133	541182
134	544914
135	546361
136	544814
137	542942
138	539553
139	538610
140	534269
141	529584
142	525815
143	525851
144	522887
145	522382
146	521873
147	521843
148	522287
149	519216
150	514105
