c_bin	number_of_SNP_pairs	Observed_d2	Predicted_d2
0.04112730	1850019	0.15447600	0.15454173
0.02896470	913910	0.15685500	0.15701072
0.02241000	549700	0.15902700	0.15887698
0.01828070	366606	0.16123200	0.16038790
0.01544450	261483	0.16085400	0.16166075
0.01337550	197368	0.16358100	0.16276529
0.01179130	153693	0.16435000	0.16374956
0.01054740	122010	0.16345400	0.16463393
0.00953539	100359	0.16478300	0.16544630
0.00870623	84690	0.16559400	0.16618964
0.00801086	70612	0.16757400	0.16687937
0.00741328	60740	0.16627400	0.16753066
0.00690128	53557	0.16854600	0.16814027
0.00645502	45929	0.16995000	0.16871773
0.00606377	40424	0.16811200	0.16926568
0.00571742	35791	0.16747300	0.16978880
0.00540765	32642	0.17135000	0.17029195
0.00512983	30306	0.17176500	0.17077603
0.00488110	27208	0.17310900	0.17123982
0.00455036	46465	0.17240525	0.17190861
0.00417134	39017	0.17142240	0.17276378
0.00385054	33213	0.17458591	0.17358045
0.00357412	28976	0.17562029	0.17437027
0.00323380	47518	0.17597004	0.17548284
0.00286218	37916	0.17612448	0.17693307
0.00256802	30734	0.17656313	0.17832001
0.00223423	46433	0.18054457	0.18025527
0.00177545	57375	0.18245539	0.18387786
0.00138125	35719	0.18978401	0.18849344
0.00111181	28333	0.19307862	0.19303158
