Generation	Ne_diploids
1	65.2968
2	65.2968
3	65.2968
4	65.2968
5	149.146
6	160.26
7	160.435
8	160.294
9	158.85
10	158.327
11	156.375
12	159.906
13	181.29
14	206.451
15	224.867
16	249.244
17	259.052
18	257.737
19	259.933
20	258.356
21	249.513
22	240.31
23	240.193
24	232.997
25	263.941
26	373.463
27	412.726
28	686.395
29	912.203
30	1030.18
31	1073.22
32	1109.39
33	1117.19
34	1144
35	1133.07
36	1154.97
37	1160.42
38	1152.95
39	1138.59
40	1130.24
41	1131.74
42	1130.97
43	1121.91
44	1115.58
45	1116.01
46	1120.37
47	1127.45
48	1134.1
49	1131.97
50	1125.65
51	1119.31
52	1114.21
53	1110.23
54	1105.05
55	1096.8
56	1080.02
57	1071.36
58	1055.66
59	1045.25
60	1034.56
61	1033.96
62	1025.72
63	1003.63
64	996.933
65	991.946
66	999.666
67	991.031
68	971.653
69	954.118
70	954.903
71	947.498
72	947.731
73	951.005
74	946.732
75	946.735
76	957.82
77	962.963
78	964.738
79	963.183
80	965.772
81	957.714
82	954.106
83	944.915
84	948.662
85	952.446
86	960.518
87	972.077
88	987.103
89	998.024
90	1015.55
91	1017.29
92	1016.77
93	1023.05
94	1037.05
95	1045.04
96	1055.81
97	1047.64
98	1038.66
99	1030.85
100	1023.52
101	1035.1
102	1040.61
103	1037.59
104	1028.26
105	1029.44
106	1035.51
107	1036.13
108	1044.88
109	1044.52
110	1059.16
111	1074.31
112	1076.77
113	1066.62
114	1056.84
115	1055.05
116	1052.35
117	1042.28
118	1037.75
119	1049.74
120	1065.23
121	1091.22
122	1124.84
123	1141.4
124	1156.56
125	1169.44
126	1165.26
127	1171.61
128	1173.69
129	1180.85
130	1230.26
131	1259.95
132	1288.1
133	1296.86
134	1311.15
135	1340.28
136	1348.55
137	1346.54
138	1349.04
139	1347.78
140	1351.48
141	1373.44
142	1389.6
143	1431.95
144	1452.39
145	1482.92
146	1495.72
147	1520.63
148	1541.06
149	1550.91
150	1553.59
