c_bin	number_of_SNP_pairs	Observed_d2	Predicted_d2
0.04112990	6891540	0.14967500	0.14978109
0.02896930	3396090	0.15111200	0.15101342
0.02241210	2034808	0.15214900	0.15191990
0.01828350	1346070	0.15251700	0.15265427
0.01544820	959471	0.15358400	0.15327812
0.01337440	722541	0.15374100	0.15382503
0.01179240	556722	0.15403000	0.15431240
0.01054460	447342	0.15451800	0.15475209
0.00953963	368655	0.15473300	0.15515023
0.00870704	306732	0.15609200	0.15551606
0.00800749	259855	0.15551500	0.15585342
0.00741345	220989	0.15589600	0.15616524
0.00690129	193037	0.15639500	0.15645605
0.00645596	170023	0.15704200	0.15672836
0.00606478	149419	0.15626700	0.15698514
0.00571787	131944	0.15759200	0.15722915
0.00540832	118140	0.15804400	0.15746224
0.00513071	107296	0.15880200	0.15768591
0.00488041	96099	0.15866900	0.15790169
0.00455183	167839	0.15823922	0.15820973
0.00417122	140394	0.15787560	0.15861161
0.00384933	121527	0.15746038	0.15900207
0.00357491	103788	0.15896484	0.15938444
0.00333579	91201	0.16004974	0.15976667
0.00303840	151038	0.16060859	0.16032740
0.00270785	118595	0.16199718	0.16110576
0.00244315	96331	0.16187245	0.16189803
0.00213815	147688	0.16271117	0.16308556
0.00171561	192914	0.16530937	0.16550796
0.00134390	118128	0.16877745	0.16894625
0.00109921	84238	0.17263536	0.17238292
