Generation	Ne_diploids
1	124.32
2	124.32
3	124.32
4	124.32
5	146.352
6	144.789
7	143.382
8	143.597
9	156.79
10	185.637
11	289.909
12	372.664
13	902.647
14	1067.98
15	1322.93
16	1434.44
17	1493.37
18	1504.63
19	1482.67
20	1480.56
21	1562.94
22	1577.57
23	1599.35
24	1601.66
25	1614.88
26	1680.72
27	1679.04
28	1662.15
29	1656.7
30	1659.51
31	1652.82
32	1657.4
33	1664.12
34	1678.38
35	1686.17
36	1686.41
37	1705.76
38	1705.8
39	1710.36
40	1688.98
41	1646.1
42	1638.96
43	1612.81
44	1608.04
45	1602.07
46	1584.85
47	1588.04
48	1591.98
49	1600.8
50	1609.09
51	1595
52	1587.96
53	1577.4
54	1569.6
55	1565.99
56	1558.39
57	1553.47
58	1554.41
59	1556
60	1549.55
61	1577.4
62	1570.39
63	1565.35
64	1524.38
65	1474.51
66	1425.68
67	1415.28
68	1404.14
69	1413.14
70	1407.92
71	1397.15
72	1385.62
73	1399.31
74	1406.62
75	1421.6
76	1440.03
77	1441.92
78	1446.02
79	1441.72
80	1431.52
81	1419.9
82	1391.22
83	1391.06
84	1396.91
85	1393.07
86	1390.2
87	1408.15
88	1462.15
89	1460.66
90	1469.34
91	1480.09
92	1457.6
93	1496.78
94	1492.56
95	1527.49
96	1559.38
97	1548.03
98	1553.94
99	1547.27
100	1542.94
101	1542.91
102	1551.21
103	1575.91
104	1613.28
105	1667.43
106	1705.32
107	1757.01
108	1782.48
109	1812.56
110	1862.85
111	1914.38
112	1913.52
113	1966.04
114	2063.94
115	2229.32
116	2366.36
117	2601.64
118	2714.52
119	2797.46
120	2850.33
121	2961.56
122	3010.73
123	3153.6
124	3346.41
125	3638.58
126	4126.17
127	4329.65
128	4656.85
129	4946.96
130	5353.85
131	5821.84
132	6135.25
133	6261.93
134	6453.23
135	6825.2
136	6955.5
137	7043.51
138	7362.51
139	7603.15
140	7837
141	8186.42
142	8639.61
143	8894.6
144	9155.69
145	9212.94
146	9354.07
147	9694.57
148	10052
149	10378.1
150	10703.2
